357
807
561
612
260
63
752
269
562
908
131
136
126
995
858
669
112
927
233
648
282
534
955
207
687
653
559
672
919
39
604
721
820
880
159
354
916
665
773
428
643
452
655
165
780
846
338
555
571
572
447
158
243
526
142
835
319
145
25
106
671
249
608
273
785
595
905
633
761
224
170
974
567
741
461
53
924
407
54
246
904
381
804
240
194
630
698
259
869
937
984
985
372
331
651
870
306
170
501
903
984
312
290
295
812
876
849
195
122
851
844
15
290
4
404
818
605
200
451
29
181
808
255
729
969
281
208
93
233
594
191
159
988
198
538
946
84
509
848
141
723
957
166
21
92
997
107
544
584
882
798
890
219
35
10
614
90
31
524
818
676
711
809
292
74
797
318
747
452
827
485
470
154
697
248
289
219
158
854
263
622
231
119
153
75
998
966
259
268
266
170
136
413
260
304
716
229
890
201
751
640
948
52
866
411
723
992
802
564
945
87
305
771
980
50
11
888
573
589
390
226
149
335
123
121
270
625
138
82
71
584
682
485
706
905
501
779
48
920
329
121
316
796
147
484
484
378
207
120
611
757
650
705
524
423
24
485
177
855
314
852
970
807
431
76
746
184
499
334
498
412
253
375
217
784
418
124
403
500
55
845
909
665
763
940
563
550
507
75
57
886
303
999
382
633
378
196
415
549
600
846
552
393
712
474
436
615
208
31
917
964
735
773
967
821
621
88
351
591
111
456
586
42
647
744
488
323
825
360
551
837
424
138
291
75
918
966
299
901
626
370
527
53
212
674
477
69
364
951
323
70
177
535
647
71
805
874
283
880
653
692
68
306
175
571
505
566
692
919
640
686
117
528
740
868
41
849
419
693
332
544
772
361
612
790
302
258
813
609
979
782
996
891
667
770
593
71
389
701
29
824
408
399
315
598
936
148
699
230
956
665
657
412
20
426
197
608
64
437
795
386
548
935
722
771
600
240
754
226
315
165
190
311
951
139
674
759
583
243
798
461
870
862
783
858
665
414
23
928
68
542
803
768
547
471
91
550
534
808
6
894
984
2
411
638
985
533
620
336
462
58
933
562
434
535
331
339
319
144
823
764
885
752
401
688
11
715
233
74
483
823
161
626
694
7
79
987
545
635
431
628
944
624
436
625
207
343
423
645
400
909
376
422
414
655
41
629
336
95
635
361
305
815
231
871
116
161
55
784
508
976
101
135
858
279
209
741
0
588
768
899
394
57
511
499
900
943
71
156
302
7
547
208
685
374
605
291
299
755
342
402
614
17
820
78
70
12
525
668
184
818
906
218
136
239
239
632
11
948
591
720
602
198
461
827
738
711
117
690
121
635
552
542
707
920
734
12
770
594
814
960
540
875
209
669
342
796
725
367
639
715
942
645
511
401
702
534
150
173
28
575
689
2
131
222
903
499
193
518
577
159
40
311
784
972
586
473
633
100
93
685
115
670
982
336
361
555
889
477
715
863
487
278
695
343
200
871
253
485
704
615
240
460
830
539
48
314
103
857
796
386
66
158
556
371
116
476
453
321
763
820
582
134
784
884
792
796
158
372
634
841
831
267
217
992
325
953
631
224
205
745
379
307
152
646
158
13
940
694
470
311
528
206
899
95
972
716
630
350
550
451
258
293
161
543
442
485
360
845
298
994
849
622
802
803
604
520
381
904
450
569
744
904
19
385
454
975
456
634
151
544
871
719
929
429
156
454
671
264
724
875
421
180
397
59
870
101
274
2
845
593
227
401
559
897
928
55
370
496
646
355
591
639
987
524
274
595
11
637
418
932
860
775
684
618
863
829
618
742
541
262
481
290
9
787
360
382
853
46
852
832
652
58
160
183
78
589
906
909
218
287
433
854
125
53
563
537
665
919
562
82
602
418
382
617
657
786
646
403
155
136
928
490
564
372
672
860
917
863
373
237
733
416
639
138
251
905
957
683
497
245
819
708
364
32
736
809
672
11
477
195
8
730
538
202
4
220
75
737
243
919
575
689
80
477
785
299
713
535
135
718
649
676
88
41
296
229
459
541
816
249
778
906
24
120
789
45
278
359
171
979
5
95
28
92
934
897
209
782
11
738
349
397
335
415
157
308
569
614
674
515
471
8
560
902
342
246
743
373
136
703
830
69
879
308
759
922
125
337
557
455
38
376
3
540
933
443
918
131
708
77
778
119
87
61
579
433
495
752
362
48
556
291
799
500
300
138
309
208
520
264
609
777
822
35
140
327
585
387
200
408
108
375
871
331
318
275
967
63
374
